403-2

Absence by reason and
gender - days lost [No.]

Total absences
Illness
Men
Women
Injury
Men
Women
Child care
Men
Women
Personal and family reasons
Men
Women
Leave for public positions
Men
Women

Leave for blood and other
donations

Men
Women
Disability
Men
Women
Other
Men

Women

Italy
1,036,995
531,596
242,421
289,175
14,800
6,515
8,285
209,152
8,743
200,409
111,537
46,506
65,031
9,032
6,349
2,683

9,201

6,753
2,447
135,267
57,350
77,917
16,411
10,250

6,161

2019
Abroad
707,917
145,088

21,902
123,186

4,116
968
3,148
350,920
5,304
345,616
190,344
102,737
87,607
792

382

410

306

134
172
1,796
190
1,606
14,556
3,016

11,539

Days lost are calculated based on calendar business days.

Group
1,744,912
676,684
264,322
412,362
18,916
7,483
11,433
560,072
14,047
546,025
301,881
149,243
152,638
9,824
6,731
3,093

9,507

6,888
2,619
137,062
57,539
79,523
30,966
13,266

17,700

Italy
1,141,276
584,675
268,465
316,211
17,738
7,727
10,012
246,325
8,853
237,472
116,398
44,337
72,061
9,598
6,727
2,871

9,675

7,022
2,653
137,502
57,730
79,772
19,364
10,858

8,506

2018
Abroad
810,122
161,661
26,978
134,683
4,313
703
3,610
383,551
4,485
379,067
233,361
136,535
96,826
846
396
450

348

174
175
1,921
353
1,568
24,120
4,139

19,981

Group
1,951,398
746,337
295,443
450,893
22,051
8,430
13,622
629,876
13,337
616,539
349,760
180,872
168,887
10,444
7,123
3,321

10,024

7,195
2,828
139,423
58,083
81,340
43,484
14,997

28,487

Italy
1,084,975
525,447
243,171
282,276
15,840
6,855
8,985
235,570
6,456
229,114
145,868
49,174
96,694
7,474
5,107
2,367

9,002

6,572
2,430
129,648
55,709
73,939
16,127
8,641

7,485

2017
Abroad
863,362
154,992
25,349
129,643
3,049
663
2,386
463,484
3,332
460,152
215,848
129,853
85,995
448
99
348

171

65

106
1,014
494
520
24,356
3,542

20,814

Indicators

Group
1,948,337
680,439
268,520
411,919
18,889
7,518
11,371
699,054
9,789
689,266
361,716
179,027
182,689
7,922
5,206
2,715

9,173

6,637
2,536
130,662
56,203
74,459
40,482
12,183

28,299

aTS¥ A
