ALLEGATI DNF - Bilancio di Sostenibilità 2019 Gruppo CAP
1.141 625 1.320 1.404 4.385 1.485 547 1.851 1.498 1.219 3.481 398 1.849 3.360 951 2.217 729 1.686 3.343 1.723 516 3.379 3.094 4.896 1.482 3.528 1.351 2.523 5.877 1.112 4.198 499 4.131 1.925 3.539 208
20 6 31 36 101 57 14 63 22 50 35 3 87 45 13 64 17 33 95 45 1 84 42 157 17 55 44 40 164 15 180 5 108 73 110 3
0 0 0 1 0 1
11 6 22 8 40 35 6 52 8 22 18 6 15 38 19 11 13 16 42 20 4 48 17 73 7 38 35 3 106 16 86 4 40 27 58
4 4 12 12 27 14 2 11 7 4 22 3 6 12 4 13 1 5 21 5 22 21 20 3 12 20 9 50 7 31 3 15 13 13 3
27 3 70 9 131 131 2 288 20 44 25 12 81 35 27 84 28 52 86 103 16 72 75 299 24 64 144 30 427 17 422 14 85 153 130 40
1 1 1 1 1 0 1 2 0 0
1 3 2 1 1 2 1 1 2 3 1 1 1 3 1 0 2 4 1
4 2 5 4 23 18 3 14 3 6 9 1 4 4 2 7 2 5 15 8 1 7 13 9 3 8 12 7 55 5 33 1 15 16 15
1 4 2 3 1 0 1 5 1 2 0 5 1 1 1 1
2 5 1 2 2 1 1 3 1 2 8 0 8 4 0 1 1
3 3 5 6 25 7 5 18 8 8 12 2 14 9 4 11 4 5 15 18 5 11 5 22 4 15 14 12 38 8 29 3 16 6 16
2 3 1 6 11 4 2 2 6 19 1 9 1 6 3 7 17 5 3 6 3 21 7 7 2 4 6 1 8 1 9
29 6 38 30 71 41 2 128 33 38 46 10 74 78 19 54 31 52 90 57 21 124 81 151 25 85 30 24 186 16 215 22 104 100 99 42
54 16 74 72 216 130 18 322 78 46 141 22 116 146 59 113 42 81 221 127 22 200 228 390 54 177 104 65 516 37 495 34 214 182 228 56
105 70 320 201 1.492 715 49 571 188 221 633 36 265 640 137 662 110 314 762 404 77 424 634 1.296 96 640 602 678 2.149 214 1.425 76 641 658 745 11
76 42 84 76 213 16 17 24 116 75 232 17 154 162 62 147 43 83 250 67 22 250 196 232 44 220 29 108 240 49 115 18 354 64 263 1
805 463 655 943 2.029 309 427 358 1.011 699 2.282 285 1.023 2.188 598 1.047 438 1.032 1.723 861 344 2.130 1.770 2.213 1.196 2.206 314 1.544 1.925 722 1.162 317 2.527 626 1.850 52
BERNATE TICINO BESATE BINASCO BOFFALORA SOPRA TICINO BOLLATE BRESSO BUBBIANO BUCCINASCO BUSCATE BUSSERO BUSTO GAROLFO CALVIGNASCO CAMBIAGO CANEGRATE CARPIANO CARUGATE CASARILE CASOREZZO CASSANO	D'ADDA CASSINA	DE'PECCHI CASSINETTA DI LUGAGNANO CASTANO PRIMO CASTELLANZA CERNUSCO SUL NAVIGLIO CERRO AL LAMBRO CERRO MAGGIORE CESANO BOSCONE CESATE CINISELLO BALSAMO CISLIANO COLOGNO MONZESE COLTURANO CORBETTA CORMANO CORNAREDO CORSICO
216 217