ALLEGATI DNF - Bilancio di Sostenibilità 2019 Gruppo CAP
2.203 860 2.304 1.696 736 1.318 3.321 1.834 4.391 800 508 2.908 2.213 2.154 5.272 8.183 575 1.160 5.110 3.239 1.941 672 1.851 1.830 2.682 1.355 410 2.640 4.187 309 2.196 916 1.132 1.248 345 6.825
43 36 59 15 9 18 99 67 286 23 15 38 64 71 137 131 10 31 155 79 49 20 28 54 70 25 5 43 115 17 84 9 39 48 6 253
0 0 0
23 17 41 16 8 18 38 32 38 6 6 16 25 19 69 125 16 21 59 37 28 4 11 37 49 12 9 20 37 11 38 12 39 8 8 82
12 13 22 6 5 10 15 10 26 2 2 8 18 11 29 58 5 5 32 7 16 4 10 22 19 6 4 6 21 2 14 5 14 5 2 40
13 89 137 22 16 65 109 87 77 28 10 13 102 66 233 382 71 59 75 61 29 25 46 79 66 3 17 16 99 146 17 133 19 24 283
1 1 1 3 0 0
2 1 1 2 1 1 1 4 4 0 1 1 2 1 1 2 1 1 3
4 1 12 3 3 8 17 7 15 3 2 7 13 6 15 13 3 5 10 5 4 1 8 11 10 2 4 13 13 3 13 5 2 29
1 1 2 2 1 3 6 1 0 1 2 1 3 1 1 2 4
3 1 2 4 4 1 2 13 1 5 0 1 5 3 1 1 1 0 1 1
10 3 21 5 4 10 18 8 22 4 2 10 7 6 27 81 7 9 75 7 9 10 11 16 19 9 4 6 19 2 9 2 14 15 4 34
12 10 5 1 7 2 8 16 3 19 17 2 6 16 5 2 11 7 4 8 6 2 17 2 12 4 6 3 8 5 8 1 4 11
53 63 70 36 11 90 72 83 117 21 5 47 51 28 146 256 35 37 102 128 40 27 24 50 80 38 24 19 101 5 102 7 121 31 9 237
99 142 184 48 36 168 167 131 326 33 22 132 106 123 292 602 106 95 366 147 90 27 69 205 206 91 25 74 198 8 186 25 195 62 35 499
356 144 782 337 86 332 965 258 502 107 51 275 426 342 1.122 2.350 115 297 1.122 406 220 133 367 701 823 96 36 234 764 42 634 119 324 161 55 1.954
149 42 84 132 22 39 151 139 298 56 14 147 144 166 312 470 12 62 328 215 113 32 34 74 135 89 21 250 269 21 78 30 27 94 23 278
1.422 300 889 1.071 534 551 1.663 1.004 2.660 514 379 2.193 1.239 1.312 2.878 3.676 190 536 2.765 2.139 1.335 381 1.234 570 1.183 979 251 1.961 2.542 198 881 682 204 798 173 3.117
E
S
E
N O
CUGGIONO CUSAGO CUSANO MILANINO DAIRAGO DRESANO GAGGIANO GARBAGNATE MILA GESSATE GORGONZOLA GREZZAGO GUDO VISCONTI INVERUNO INZAGO LACCHIARELLA LAINATE LEGNANO LISCATE LOCATE DI TRIULZI MAGENTA MAGNAGO MARCALLO CON CASONE MASATE MEDIGLIA MELEGNANO MELZO MESERO MORIMONDO MOTTA VISCONTI NERVIANO NOSATE NOVATE MILANESE NOVIGLIO OPERA OSSONA OZZERO PADERNO DUGNAN
218 219