ALLEGATI DNF - Bilancio di Sostenibilità 2019 Gruppo CAP
971 6.812 1.691 1.710 1.931 1.969 1.841 2.886 2.087 1.221 1.849 1.503 3.692 7.414 2.034 2.037 1.171 1.373 2.306 3.899 1.483 1.790 4.775 1.469 1.029 1.566 2.301 3.960 3.108 3.960 1.478 2.186 2.351 1.256 2.790 2.602
10 92 21 59 54 95 74 86 69 26 49 47 133 186 59 50 32 38 119 428 36 26 125 42 12 48 66 127 108 131 18 89 104 24 90 103
9 1 0 0 1 0
20 41 15 35 67 13 23 70 21 14 23 28 47 91 49 26 15 12 59 39 42 21 69 10 8 30 28 140 35 133 20 51 21 9 25 58
3 23 8 12 16 18 10 21 7 11 10 9 14 55 7 11 8 12 29 22 22 6 46 8 11 6 11 37 16 58 8 15 12 4 16 25
46 100 36 145 178 81 362 219 81 52 44 62 82 185 27 11 111 58 397 43 126 21 349 24 37 11 33 361 124 288 82 275 109 60 277 108
1 1 0 0 1 1 0
1 1 3 1 2 1 2 7 1 0 1 2 1 3 3 1 3 1 4 1 1 2 4
7 13 4 6 14 4 5 22 6 4 10 5 8 37 7 4 2 3 26 3 14 3 24 6 4 2 7 25 12 52 8 9 7 4 12 8
3 2 10 1 1 1 2 1 2 7 6 0
2 1 1 2 1 13 1 1 7 4 5 1 1 1 9 0 1 1 2
9 16 6 7 17 15 32 18 8 7 10 4 11 55 7 9 6 8 22 12 18 6 26 3 2 4 5 44 18 37 10 13 21 9 24 28
2 20 5 2 17 3 1 3 5 4 5 11 56 10 5 5 36 4 3 8 5 7 1 12 3 1 6 10 2 1 2 9
14 142 18 106 76 112 185 100 75 54 59 47 103 229 35 27 43 37 171 35 59 54 306 47 23 39 45 141 141 98 70 236 101 45 289 64
60 314 69 256 248 167 341 237 136 64 96 73 187 572 66 79 91 85 338 190 175 81 629 92 44 71 93 393 204 321 134 318 117 55 445 212
251 1.458 422 464 492 268 258 863 371 209 348 372 459 2.286 44 247 103 211 707 120 548 187 722 268 175 136 517 696 1.082 2.161 248 500 674 188 356 496
41 428 82 69 60 142 41 88 107 57 135 69 244 482 151 161 39 85 35 511 30 108 122 68 35 136 149 122 124 85 50 79 87 66 55 205
508 4.159 1.002 548 705 1.028 506 1.157 1.204 719 1.060 783 2.395 3.195 1.525 1.401 714 822 389 2.454 399 1.274 2.344 896 671 1.081 1.334 1.868 1.239 574 824 583 1.095 790 1.196 1.280
PANTIGLIATE PARABIAGO PAULLO PERO PESCHIERA BORROMEO PESSANO CON BORNAGO PIEVE EMANUELE PIOLTELLO POGLIANO MILANESE POZZO	D'ADDA POZZUOLO MARTESANA PREGNANA MILANESE RESCALDINA RHO ROBECCHETTO CON INDUNO ROBECCO SUL NAVIGLIO RODANO ROSATE ROZZANO SAN COLOMBANO AL LAMBRO SAN DONATO MILANESE SAN GIORGIO SU LEGNANO SAN GIULIANO MILANESE SAN VITTORE OLONA SAN ZENONE AL LAMBRO SANTO STEFANO TICINO SEDRIANO SEGRATE SENAGO SESTO SAN GIOVANNI SETTALA SETTIMO MILANESE SOLARO TREZZANO ROSA TREZZANO SUL NAVIGLIO TREZZO	SULL'ADDA
220 221