ALLEGATI DNF - Bilancio di Sostenibilità 2019 Gruppo CAP
0 0 0 0 0 0 0 0 0 0 0 0 0 0 0 0 0 0 0 0 0 0 0 0 0 0 0 0 0 0 0 0 0 0 0 0
0 0 0 0 0 0 0 0 0 0 0 0 0 0 0 0 0 0 0 0 0 0 0 0 0 0 0 0 0 0 0 0 0 0 0 0
0 0 0 0 0 0 0 0 0 0 0 0 0 0 0 0 0 0 0 0 0 0 0,0 0 0 0 0 0 0 0 0 0 0 0 0 0
< 1 < 1 < 1 < 1 < 1 < 1 < 1 2 < 1 < 1 3 < 1 < 1 < 1 < 1 < 1 < 1 < 1 1 < 1 < 1 3 < 1 1 < 1 < 1 3 < 1 1 < 1 2 < 1 2 < 1 < 1 < 1
4 < 1 < 1 < 1 1 1 < 1 3 4 2 4 < 1 2 < 1 < 1 < 1 < 1 < 1 1 2 < 1 3 < 1 3 < 1 1 4 < 1 1 < 1 2 < 1 2 1 < 1 < 1
0,06 < 0,02 < 0,02 < 0,02 < 0,02 < 0,02 0,03 0,06 < 0,02 0,04 < 0,02 < 0,02 0,02 < 0,02 0,03 0,02 < 0,02 < 0,02 0,03 < 0,02 < 0,02 < 0,02 < 0,02 < 0,02 < 0,02 < 0,02 0,05 0,03 < 0,02 < 0,02 < 0,02 < 0,02 < 0,02 < 0,02 < 0,02 < 0,02
5 5 5 5 5 5 5 5 5 5 5 5 5 5 5 5 5 5 5 5 5 5 5 5 5 5 5 5 5 5 5 5 5 5 5 5
<  <  <  <  <  <  <  <  <  <  <  <  <  <  <  <  <  <  <  <  <  <  <  <  <  <  <  <  <  <  <  <  <  <  <  < 
5 5 5 5 5 5 5 5 5 5 5 5 5 5 5 5 5 5 5 5 5 5 5 5 5 5 5 5 5 5 5 5 5 5 5 5
<  <  <  <  <  <  <  <  <  <  <  <  <  <  <  <  <  <  <  <  <  <  <  <  <  <  <  <  <  <  <  <  <  <  <  < 
< 1 < 1 < 1 < 1 1 < 1 < 1 < 1 < 1 < 1 1 < 1 < 1 1 < 1 < 1 < 1 2 1 < 1 < 1 < 1 3 < 1 2 2 < 1 2 < 1 < 1 < 1 1 < 1 < 1 2 < 1
< 0,03 < 0,03 0,07 < 0,03 < 0,03 < 0,03 < 0,03 < 0,03 < 0,03 < 0,03 < 0,03 < 0,03 < 0,03 < 0,03 < 0,03 < 0,03 < 0,03 < 0,03 < 0,03 < 0,03 0,04 < 0,03 < 0,03 < 0,03 0,06 < 0,03 < 0,03 < 0,03 < 0,03 < 0,03 < 0,03 0,06 < 0,03 < 0,03 < 0,03 < 0,03
< 0,10 < 0,10 < 0,10 < 0,10 < 0,10 < 0,10 < 0,10 < 0,10 < 0,10 < 0,10 < 0,10 < 0,10 < 0,10 < 0,10 < 0,10 < 0,10 < 0,10 < 0,10 < 0,10 < 0,10 < 0,10 < 0,10 < 0,10 < 0,10 < 0,10 < 0,10 < 0,10 < 0,10 < 0,10 < 0,10 < 0,10 < 0,10 < 0,10 < 0,10 < 0,10 < 0,10
29 39 31 13 14 43 14 27 21 34 22 11 21 10 41 31 31 9 25 35 29 15 12 32 17 10 27 11 24 37 35 43 35 43 4 36
24 13 3 18 27 40 6 15 19 26 28 7 25 20 8 26 3 17 21 26 24 25 9 23 3 20 22 27 29 30 27 15 36 34 9 23
< 0,3 < 0,3 < 0,3 < 0,3 < 0,3 < 0,3 < 0,3 < 0,3 < 0,3 < 0,3 < 0,3 < 0,3 < 0,3 < 0,3 < 0,3 < 0,3 < 0,3 < 0,3 < 0,3 < 0,3 < 0,3 < 0,3 < 0,3 < 0,3 < 0,3 < 0,3 < 0,3 < 0,3 < 0,3 < 0,3 < 0,3 < 0,3 < 0,3 < 0,3 < 0,3 < 0,3
24 6 5 9 9 31 6 12 23 26 17 5 11 6 13 29 3 6 9 23 9 11 4 21 6 8 15 10 16 14 38 16 13 26 4 29
1 1 1 1 < 1 2 < 1 < 1 2 2 1 < 1 < 1 1 1 1 1 1 1 1 < 1 1 < 1 2 1 1 1 < 1 < 1 1 2 2 1 2 < 1 1
5 5 5 6 5 12 5 8 7 15 5 5 6 5 7 17 4 4 6 10 5 6 9 11 6 6 10 6 9 5 19 25 5 19 5 6
16 12 13 13 9 16 13 14 15 21 16 13 19 12 12 19 13 13 16 21 15 12 8 19 11 12 17 8 13 17 20 17 18 14 8 20
76 52 58 59 45 100 56 55 69 83 61 57 67 52 71 86 57 53 59 89 69 59 36 84 49 50 63 42 71 75 86 78 75 74 39 81
5 2 8 1 0 6 1 6 0 5 4 3 3 0 0 5 5 5 1 2 2 2 3 9 6 2 0 3 1 5 7 4 5 7 9 2
1 9 5 5 2 8 8 6 1 7 5 7 9 6 5 9 9 2 8 1 2 7 6 7 1 0 7 0 6 1 0 2 3 1 0 4
3 1 2 2 3 3 2 2 3 3 2 2 3 2 2 3 1 2 2 4 2 2 1 3 2 2 2 2 2 3 4 3 3 3 2 3
6 8 0 0 5 2 0 9 4 9 2 9 4 8 3 9 0 8 2 1 4 9 2 9 7 8 3 4 3 6 0 7 6 4 3 8
2 1 2 2 1 3 2 1 2 2 2 1 2 1 2 2 2 1 2 3 2 1 1 2 1 1 2 1 2 2 3 2 2 2 1 2
0 2 7 5 9 5 0 4 2 6 4 6 4 6 5 1 7 4 1 8 1 3 7 8 5 7 6 3 9 8 5 2 9 9 7 9
6 6 8 9 2 6 8 9 4 6 2 7 4 6 4 5 8 9 1 4 4 9 0 2 6 7 4 2 5 6 7 3 9 1 0 0
3 2 2 2 2 4 2 2 3 4 3 2 3 2 3 4 2 2 3 4 3 2 2 4 2 2 3 2 3 3 4 4 3 4 2 4
8 8 4 8 9 4 9 4 1 4 9 3 7 3 3 6 9 6 8 0 9 4 0 2 2 4 9 8 4 9 8 8 2 0 2 6
9 5 9 0 0 4 8 0 7 4 4 8 7 6 7 2 9 0 2 2 6 0 7 9 6 7 7 9 9 0 5 9 5 8 7 6
4 3 3 4 3 6 3 4 4 6 4 3 4 3 4 6 3 4 4 6 4 4 2 5 3 3 4 2 4 5 6 5 5 5 2 5
0 0 0 4 7 0 0 2 7 0 0 0 7 2 4 6 0 7 3 9 3 7 8 8 0 7 2 7 8 5 6 0 3 6 6 0
9 7 9 0 0 8 9 0 0 7 0 9 9 1 9 6 0 0 9 6 8 9 1 7 0 0 9 1 7 8 6 7 8 8 0 8
7, 7, 7, 8, 8, 7, 7, 8, 8, 7, 8, 7, 7, 8, 7, 7, 8, 8, 7, 7, 7, 7, 8, 7, 8, 8, 7, 8, 7, 7, 7, 7, 7, 7, 8, 7,
BERNATE TICINO BESATE BINASCO BOFFALORA SOPRA TICINO BOLLATE BRESSO BUBBIANO BUCCINASCO BUSCATE BUSSERO BUSTO GAROLFO CALVIGNASCO CAMBIAGO CANEGRATE CARPIANO CARUGATE CASARILE CASOREZZO CASSANO	D'ADDA CASSINA	DE'	PECCHI CASSINETTA DI LUGAGNANO CASTANO PRIMO CASTELLANZA CERNUSCO SUL NAVIGLIO CERRO AL LAMBRO CERRO MAGGIORE CESANO BOSCONE CESATE CINISELLO BALSAMO CISLIANO COLOGNO MONZESE COLTURANO CORBETTA CORMANO CORNAREDO CORSICO
224 225