ALLEGATI DNF - Bilancio di Sostenibilità 2019 Gruppo CAP
0 0 0 0 0 0 0 0 0 0 0 0 0 0 0 0 0 0 0 0 0 0 0 0 0 0 0 0 0 0 0 0 0 0 0 0
0 0 0 0 0 0 0 0 0 0 0 0 0 0 0 0 0 0 0 0 0 0 0 0 0 0 0 0 0 0 0 0 0 0 0 0
0 0 0 0 0 0 0 0 0 0 0 0 0 0 0 0 0 0 0 0 0 0 0 0 0 0 0 0 0 0 0 0 0 0 0 0
1 3 2 < 1 < 1 4 < 1 < 1 < 1 < 1 < 1 2 < 1 < 1 1 < 1 < 1 < 1 1 < 1 < 1 < 1 < 1 < 1 < 1 < 1 < 1 < 1 1 < 1 < 1 < 1 3 3 < 1 2
7 3 2 2 < 1 5 < 1 < 1 < 1 < 1 < 1 3 < 1 < 1 3 < 1 3 < 1 1 < 1 < 1 < 1 1 < 1 < 1 < 1 < 1 < 1 2 < 1 2 < 1 3 3 < 1 2
< 0,02 < 0,02 0,03 < 0,02 < 0,02 < 0,02 < 0,02 < 0,02 0,04 0,06 0,07 < 0,02 0,05 < 0,02 < 0,02 < 0,02 < 0,02 < 0,02 0,03 < 0,02 0,02 < 0,02 < 0,02 < 0,02 0,06 < 0,02 < 0,02 < 0,02 < 0,02 < 0,02 0,03 < 0,02 0,05 < 0,02 0,08 0,02
< 5 < 5 < 5 < 5 < 5 < 5 < 5 < 5 < 5 < 5 < 5 < 5 < 5 < 5 < 5 < 5 < 5 < 5 < 5 < 5 < 5 < 5 < 5 < 5 < 5 < 5 < 5 < 5 < 5 < 5 < 5 < 5 < 5 < 5 < 5 26
< 5 6 < 5 < 5 < 5 < 5 < 5 < 5 < 5 < 5 < 5 < 5 < 5 < 5 < 5 < 5 < 5 < 5 < 5 < 5 < 5 < 5 < 5 < 5 < 5 < 5 < 5 < 5 < 5 < 5 < 5 < 5 < 5 < 5 < 5 < 5
< 1 < 1 < 1 < 1 < 1 < 1 2 < 1 < 1 < 1 < 1 < 1 < 1 < 1 < 1 < 1 < 1 2 < 1 < 1 < 1 2 1 3 < 1 < 1 2 < 1 1 < 1 < 1 < 1 < 1 < 1 < 1 < 1
< 0,03 < 0,03 < 0,03 < 0,03 0,07 < 0,03 < 0,03 0,06 < 0,03 < 0,03 < 0,03 < 0,03 < 0,03 < 0,03 < 0,03 < 0,03 < 0,03 0,03 < 0,03 < 0,03 < 0,03 < 0,03 < 0,03 < 0,03 < 0,03 < 0,03 < 0,03 < 0,03 < 0,03 < 0,03 < 0,03 < 0,03 < 0,03 < 0,03 < 0,03 < 0,03
< 0,10 < 0,10 < 0,10 < 0,10 < 0,10 < 0,10 < 0,10 < 0,10 < 0,10 < 0,10 < 0,10 < 0,10 < 0,10 < 0,10 < 0,10 < 0,10 < 0,10 < 0,10 < 0,10 < 0,10 < 0,10 < 0,10 < 0,10 < 0,10 < 0,10 < 0,10 < 0,10 < 0,10 < 0,10 < 0,10 < 0,10 < 0,10 < 0,10 < 0,10 < 0,10 < 0,10
45 33 35 30 37 33 8 29 29 18 33 18 24 19 20 20 30 77 19 25 23 10 25 3 28 13 15 35 12 45 42 20 61 15 31 46
34 24 32 36 17 19 17 36 27 30 15 27 28 3 32 33 22 17 26 34 27 10 7 3 21 20 9 9 23 15 32 3 22 25 15 34
< 0,3 < 0,3 < 0,3 < 0,3 < 0,3 < 0,3 < 0,3 < 0,3 < 0,3 < 0,3 < 0,3 < 0,3 < 0,3 < 0,3 < 0,3 < 0,3 < 0,3 < 0,3 < 0,3 < 0,3 < 0,3 < 0,3 < 0,3 < 0,3 < 0,3 < 0,3 < 0,3 < 0,3 < 0,3 < 0,3 < 0,3 < 0,3 < 0,3 < 0,3 < 0,3 < 0,3
41 16 24 32 18 13 7 15 19 10 11 12 10 3 15 13 13 19 8 12 10 8 11 3 9 7 3 6 12 69 18 4 18 9 7 28
2 1 2 1 2 1 < 1 2 1 < 1 1 1 < 1 < 1 < 1 1 1 1 < 1 < 1 1 < 1 1 1 1 1 1 1 1 2 1 1 2 1 < 1 2
15 5 11 6 17 4 7 8 9 5 4 5 5 6 6 6 5 13 4 8 7 8 7 6 5 4 4 6 8 33 15 4 16 4 3 19
19 17 14 20 17 15 7 19 19 19 16 14 21 13 10 17 20 17 15 16 15 17 18 10 16 13 12 12 14 19 14 12 15 14 9 14
1 1 8 1 2 0 3 0 8 4 9 6 0 3 0 2 9 4 0 1 6 6 3 5 2 6 1 4 0 2 8 3 9 1 5 6
9 7 8 8 7 7 3 8 8 5 6 6 8 5 6 6 7 8 6 7 6 4 6 3 7 5 5 5 6 8 6 5 7 6 4 8
2 6 6 2 6 6 8 9 2 6 5 6 2 4 2 9 1 8 6 5 6 1 1 7 6 8 3 6 0 0 6 5 4 3 0 4
1 4 7 3 9 5 6 8 7 6 0 9 0 5 6 3 1 0 2 1 6 1 9 4 2 3 6 3 0 4 2 7 5 5 2 1
4 3 3 3 3 3 1 3 3 2 3 2 3 2 2 3 4 3 2 3 2 2 2 1 3 2 2 2 2 4 3 3 3 2 2 3
1 5 6 9 6 4 2 7 0 2 4 3 9 8 9 3 8 8 1 5 3 9 3 3 5 9 8 8 0 8 2 8 6 1 5 6
3 2 2 2 2 2 1 2 3 2 2 2 2 1 1 2 2 2 2 2 2 1 2 1 2 1 1 1 2 2 2 1 2 2 1 2
9 5 9 5 9 9 4 2 1 7 7 5 5 6 9 9 7 9 0 4 9 3 1 7 5 6 7 8 9 3 0 7 6 7 3 2
6 5 0 1 1 2 9 3 4 9 3 3 0 7 8 4 8 1 2 6 2 7 4 1 5 8 6 7 0 1 7 6 1 0 3 3
4 3 4 4 4 3 1 4 4 2 3 3 4 2 2 3 3 4 3 3 3 2 3 2 3 2 2 2 3 5 3 2 4 3 2 4
9 2 4 5 0 6 6 1 0 2 8 5 1 0 6 3 2 1 0 4 4 4 7 4 3 7 1 9 4 1 3 3 0 5 4 7
4 9 6 7 8 5 4 9 1 1 6 6 6 8 9 8 4 8 4 0 5 7 6 8 9 9 7 7 2 1 1 6 7 2 0 9
6 4 5 5 5 4 2 5 6 4 4 4 5 3 3 4 5 5 4 5 4 3 4 2 4 3 3 3 4 7 5 3 5 4 3 5
6 0 6 0 4 1 8 4 0 0 0 5 9 0 7 4 0 4 8 5 5 4 0 0 2 7 0 0 8 0 5 5 5 0 0 9
8 9 7 0 7 0 1 8 6 0 0 0 7 9 0 9 7 8 9 8 9 0 9 0 8 0 0 8 9 9 8 8 8 1 7 8
7, 7, 7, 8, 7, 8, 8, 7, 7, 8, 8, 8, 7, 7, 8, 7, 7, 7, 7, 7, 7, 8, 7, 8, 7, 8, 8, 7, 7, 7, 7, 7, 7, 8, 7, 7,
CUGGIONO CUSAGO CUSANO MILANINO DAIRAGO DRESANO GAGGIANO GARBAGNATE MILANESE GESSATE GORGONZOLA GREZZAGO GUDO VISCONTI INVERUNO INZAGO LACCHIARELLA LAINATE LEGNANO LISCATE LOCATE DI TRIULZI MAGENTA MAGNAGO MARCALLO CON CASONE MASATE MEDIGLIA MELEGNANO MELZO MESERO MORIMONDO MOTTA VISCONTI NERVIANO NOSATE NOVATE MILANESE NOVIGLIO OPERA OSSONA OZZERO PADERNO DUGNANO
226 227