ALLEGATI DNF - Bilancio di Sostenibilità 2019 Gruppo CAP
0 0 0 0 0 0 0 0 0 0 0 0 0 0 0 0 0 0 0 0 0 0 0 0 0 0 0 0 0 0 0 0 0 0 0 0
0 0 0 0 0 0 0 0 0 0 0 0 0 0 0 0 0 0 0 0 0 0 0 0 0 0 0 0 0 0 0 0 0 0 0 0
0 0 0 0 0 0 0 0 0 0 0 0 0 0 0 0 0 0 0 0 0 0 0 0 0 0 0 0 0 0 0 0 0 0 0 0
< 1 < 1 1 < 1 2 < 1 < 1 < 1 < 1 < 1 < 1 1 < 1 < 1 < 1 < 1 2 2 1 < 1 < 1 2 < 1 < 1 < 1 5 1 2 1 1 < 1 < 1 < 1 < 1 4 < 1
4 < 1 1 2 8 < 1 < 1 2 < 1 < 1 2 1 < 1 4 < 1 < 1 4 2 4 < 1 1 4 < 1 1 < 1 5 1 2 2 1 2 2 < 1 < 1 4 3
< 0,02 < 0,02 < 0,02 < 0,02 < 0,02 0,04 < 0,02 0,03 < 0,02 0,02 < 0,02 < 0,02 0,04 < 0,02 < 0,02 < 0,02 < 0,02 < 0,02 < 0,02 0,02 < 0,02 < 0,02 < 0,02 < 0,02 < 0,02 < 0,02 < 0,02 0,03 < 0,02 < 0,02 0,03 < 0,02 < 0,02 0,04 < 0,02 < 0,02
< 5 < 5 < 5 < 5 < 5 < 5 < 5 < 5 < 5 < 5 < 5 < 5 < 5 < 5 < 5 < 5 < 5 < 5 < 5 23 < 5 < 5 < 5 < 5 < 5 < 5 < 5 < 5 < 5 < 5 < 5 < 5 < 5 < 5 < 5 < 5
5 5 5 5 5 5 5 5 5 5 5 5 5 5 5 5 5 5 5 5 5 5 5 5 5 5 5 5 5 5 5 5 5 5 5 5
<  <  <  <  <  <  <  <  <  <  <  <  <  <  <  <  <  <  <  <  <  <  <  <  <  <  <  <  <  <  <  <  <  <  <  < 
2 2 2 < 1 < 1 < 1 2 < 1 < 1 3 < 1 1 < 1 < 1 < 1 < 1 < 1 < 1 1 6 1 < 1 2 < 1 1 < 1 < 1 < 1 < 1 < 1 < 1 2 < 1 < 1 < 1 1
< 0,03 < 0,03 < 0,03 < 0,03 < 0,03 < 0,03 < 0,03 < 0,03 < 0,03 < 0,03 0,03 < 0,03 < 0,03 < 0,03 < 0,03 < 0,03 < 0,03 < 0,03 < 0,03 0,08 < 0,03 0,05 < 0,03 < 0,03 0,08 < 0,03 < 0,03 < 0,03 < 0,03 < 0,03 < 0,03 0,04 < 0,03 < 0,03 < 0,03 < 0,03
< 0,10 < 0,10 < 0,10 < 0,10 < 0,10 < 0,10 < 0,10 < 0,10 < 0,10 < 0,10 < 0,10 < 0,10 < 0,10 < 0,10 < 0,10 < 0,10 < 0,10 < 0,10 < 0,10 < 0,10 < 0,10 < 0,10 < 0,10 < 0,10 < 0,10 < 0,10 < 0,10 < 0,10 < 0,10 < 0,10 < 0,10 < 0,10 < 0,10 < 0,10 < 0,10 < 0,10
20 16 11 27 29 33 9 36 18 19 18 12 15 24 23 27 25 18 24 10 12 32 12 21 42 20 31 39 27 35 23 9 17 14 28 28
12 24 6 28 11 26 3 17 28 24 15 17 26 32 22 29 16 11 4 3 7 25 5 35 9 26 31 23 38 37 16 14 34 23 20 19
< 0,3 < 0,3 < 0,3 < 0,3 < 0,3 < 0,3 < 0,3 < 0,3 < 0,3 < 0,3 < 0,3 < 0,3 < 0,3 < 0,3 < 0,3 < 0,3 < 0,3 < 0,3 < 0,3 < 0,3 < 0,3 < 0,3 < 0,3 < 0,3 < 0,3 < 0,3 < 0,3 < 0,3 < 0,3 < 0,3 < 0,3 < 0,3 < 0,3 < 0,3 < 0,3 < 0,3
10 10 4 23 8 26 3 10 15 12 9 12 13 18 13 11 10 8 11 7 5 18 8 18 14 10 16 22 20 24 9 7 18 10 13 11
1 1 1 < 1 < 1 2 < 1 < 1 < 1 < 1 1 1 2 < 1 1 < 1 1 < 1 < 1 2 1 1 1 2 2 1 2 1 < 1 < 1 1 < 1 < 1 < 1 1 < 1
9 8 5 9 5 14 6 6 8 8 7 6 9 9 10 5 5 4 8 13 6 5 10 8 7 5 14 10 12 10 5 7 10 6 7 6
17 13 17 11 16 19 8 16 17 18 19 11 17 11 14 17 20 14 13 15 14 18 11 21 17 16 16 19 12 19 19 8 10 19 17 16
4 4 5 9 8 8 4 9 1 1 8 1 8 7 6 7 4 7 4 9 3 6 5 7 8 9 9 4 6 0 5 5 3 0 9 1
6 5 5 5 5 8 3 6 7 6 6 5 6 5 6 6 6 5 5 5 4 6 4 7 7 6 6 7 6 9 6 4 5 5 6 6
8 1 2 3 9 5 7 9 2 6 1 4 7 5 3 2 1 4 8 7 8 6 6 3 1 9 7 3 6 0 6 7 9 3 0 3
5 6 4 7 5 4 6 5 0 8 5 8 0 5 9 5 1 0 3 1 3 3 8 2 1 0 9 0 1 2 6 0 8 8 8 8
2 2 2 2 2 3 1 2 3 2 2 2 3 2 2 2 3 3 2 3 2 3 1 4 3 3 2 3 2 3 4 2 1 2 2 2
3 9 1 0 1 0 2 4 5 3 5 7 4 9 2 4 4 0 9 1 6 4 6 8 7 4 4 6 2 0 4 5 8 0 4 2
2 1 2 2 2 3 1 2 2 2 2 1 2 1 2 2 2 2 1 2 1 2 1 2 2 2 2 2 2 3 2 1 1 2 2 2
2 7 0 1 1 6 3 4 4 2 9 8 5 9 8 4 9 6 5 9 4 9 2 1 4 1 5 5 6 1 8 1 7 8 8 0
3 9 0 9 1 5 8 3 6 3 3 5 7 9 3 5 2 9 7 0 4 5 5 3 9 4 8 0 1 4 4 3 7 8 4 0
3 2 3 2 3 4 1 3 3 3 3 2 3 2 3 3 3 2 2 3 2 3 2 4 3 3 3 4 3 4 3 2 2 2 3 3
8 1 5 5 3 2 1 4 4 0 1 3 6 8 9 3 4 1 4 9 2 7 6 7 5 2 4 9 7 9 3 5 9 2 2 5
5 1 1 0 2 3 4 6 0 6 7 5 1 0 6 9 5 1 7 2 2 9 2 9 4 7 3 5 3 0 8 0 7 9 8 1
4 4 4 4 4 6 2 4 5 4 4 3 5 4 4 4 4 4 3 4 3 4 3 5 5 4 5 5 4 6 4 3 3 3 4 4
8 8 0 0 3 8 3 1 5 1 0 0 0 1 0 8 9 1 9 0 9 4 4 4 0 3 7 3 6 2 6 2 9 5 0 6
8 9 9 9 9 6 9 9 8 8 9 9 9 9 0 8 8 9 9 9 9 0 0 8 9 9 7 8 9 6 7 1 9 0 9 0
7, 7, 7, 7, 7, 7, 7, 7, 7, 7, 7, 7, 7, 7, 8, 7, 7, 7, 7, 7, 7, 8, 8, 7, 7, 7, 7, 7, 7, 7, 7, 8, 7, 8, 7, 8,
PANTIGLIATE PARABIAGO PAULLO PERO PESCHIERA BORROMEO PESSANO CON BORNAGO PIEVE EMANUELE PIOLTELLO POGLIANO MILANESE POZZO	D'ADDA POZZUOLO MARTESANA PREGNANA MILANESE RESCALDINA RHO ROBECCHETTO CON INDUNO ROBECCO SUL NAVIGLIO  RODANO ROSATE ROZZANO SAN COLOMBANO AL LAMBRO SAN DONATO MILANESE SAN GIORGIO SU LEGNANO SAN GIULIANO MILANESE SAN VITTORE OLONA SAN ZENONE AL LAMBRO SANTO STEFANO TICINO SEDRIANO SEGRATE SENAGO SESTO SAN GIOVANNI SETTALA SETTIMO MILANESE SOLARO TREZZANO ROSA TREZZANO SUL NAVIGLIO TREZZO SULL'ADDA
228 229