BILANCIO DI SOSTENIBILITA 2018

 

 

 

 

 

 

 

 

 

 

UOMINI DONNE
2016 2017 2018 2016 2017 2018
2.378 2.472 2.494 824 849 841
3.995.792 4.154.146 4.181.446 1.339.184 1.335.609 1.349.341
0 0 0 0 0 0
9 8 10 3 1 2
0,45 0,39 0,48 0,45 0,15 0,30
738 603 1.125 188 63 172
36,9 29,0 53,8 28,1 9,4 25,5
61 55 70 14 5 5
3,05 2,65 3,35 2,1 0,7 0,7
1.141 953 1.045 186 66 99
57,1 45,9 50,0 27,8 9,9 147

UOMINI DONNE
2016 2017 2018 2016 2017 2018
2.165 2.227 2.240 799 826 824
3.626.974 3.719.776 3.734.456 1.281.230 1.290.606 1.310.061
0 0 0 0 0 0
8 7 10 3 1 2
0,44 0,38 0,54 0,47 0,15 0,31
654 458 1.125 188 63 172
36,1 24,6 60,2 29,3 98 26,3
61 52 63 12 4 5
3,36 2,80 3,37 1,87 0,62 0,76
1.141 935 979 154 55 99
62,9 50,3 52,4 24,0 8,5 15,1

 

 

 

91
