403-2 Indicators
Absence by reason and   2019 2018 2017
gender - days lost [No.] Italy Abroad Group Italy Abroad Group Italy Abroad Group
Total absences 1,036,995 707,917 1,744,912 1,141,276 810,122 1,951,398 1,084,975 863,362 1,948,337
Illness 531,596 145,088 676,684 584,675 161,661 746,337 525,447 154,992 680,439
Men 242,421 21,902 264,322 268,465 26,978 295,443 243,171 25,349 268,520
Women 289,175 123,186 412,362 316,211 134,683 450,893 282,276 129,643 411,919
Injury 14,800 4,116 18,916 17,738 4,313 22,051 15,840 3,049 18,889
Men 6,515 968 7,483 7,727 703 8,430 6,855 663 7,518
Women 8,285 3,148 11,433 10,012 3,610 13,622 8,985 2,386 11,371
Child care 209,152 350,920 560,072 246,325 383,551 629,876 235,570 463,484 699,054
Men 8,743 5,304 14,047 8,853 4,485 13,337 6,456 3,332 9,789
Women 200,409 345,616 546,025 237,472 379,067 616,539 229,114 460,152 689,266
Personal and family reasons 111,537 190,344 301,881 116,398 233,361 349,760 145,868 215,848 361,716
Men 46,506 102,737 149,243 44,337 136,535 180,872 49,174 129,853 179,027
Women 65,031 87,607 152,638 72,061 96,826 168,887 96,694 85,995 182,689
Leave for public positions 9,032 792 9,824 9,598 846 10,444 7,474 448 7,922
Men 6,349 382 6,731 6,727 396 7,123 5,107 99 5,206
Women 2,683 410 3,093 2,871 450 3,321 2,367 348 2,715
Leave for blood and other 
9,201 306 9,507 9,675 348 10,024 9,002 171 9,173
donations
Men 6,753 134 6,888 7,022 174 7,195 6,572 65 6,637
Women 2,447 172 2,619 2,653 175 2,828 2,430 106 2,536
Disability 135,267 1,796 137,062 137,502 1,921 139,423 129,648 1,014 130,662
Men 57,350 190 57,539 57,730 353 58,083 55,709 494 56,203
Women 77,917 1,606 79,523 79,772 1,568 81,340 73,939 520 74,459
Other 16,411 14,556 30,966 19,364 24,120 43,484 16,127 24,356 40,482
Men 10,250 3,016 13,266 10,858 4,139 14,997 8,641 3,542 12,183
Women 6,161 11,539 17,700 8,506 19,981 28,487 7,485 20,814 28,299
Days lost are calculated based on calendar business days.
187