Unit of
Eldoprima 
measurement  Anno Prima Components Sole Components PSMM TWICE PS
Components
2017 1,280 4,607 0,301 0,071 -
Nox
2018 1,799 3,738 0,472 0,099 0,397
2017 0,042 0,110 0,007 0,002 -
Vox
2018 0,055 0,089 0,011 0,002 0,096
2017 0,006 0,047 0,001 0,000 -
Particolate
emissions (PM)
2018 0,008 0,016 0,002 0,000 0,002
t
2017 0,773 2,800 0,183 0,043 -
CO
2018 1,080 2,272 0,287 0,060 0,218
2017 - - - - -
COV
2018 6,99 59,453 2,836 0,000 42,250
Total of 2017 2,100 7,563 0,492 0,116 -
signiﬁcant
emissions
2018 2,942 6,115 0,772 0,161 0,713
PAGE 113