F78
SPAIN
  2019 2018
<30 30-50 >50 Total Rate % <30 30-50 >50 Total Rate %
NEW HIRES
Women 0 1 1 2 6.3 4 3 0 7 22.6
Men 0 3 1 4 9.5 0 4 0 4 10.0
Total 0 4 2 6 8.1 4 7 0 11 15.5
Rate % 0.0 10.0 6.7 8.1 66.7 17.5 0.0 15.5
RESIGNATIONS
Women 0 0 1 1 3.1 0 3 0 3 9.7
Men 0 2 0 2 4.8 0 1 0 1 7.5
Total 0 2 1 3 4.1 0 4 0 4 5.6
Rate % 0.0 5.0 3.3 4.1 0.0 10 0.0 5.6
UK
  2019 2018
<30 30-50 >50 Total Rate % <30 30-50 >50 Total Rate %
NEW HIRES
Women 0 0 0 0 0.0 2 6 0 8 32.0
Men 2 3 1 6 9.5 32 15 3 50 50.0
Total 2 3 1 6 7.1 34 21 3 58 46.4
Rate % 15.4 7.1 3.4 7.1 141.7 32.3 8.3 46.4
RESIGNATIONS
Women 2 2 1 5 23.8 2 6 0 8 32.0
Men 8 19 15 42 66.7 29 18 3 50 50.0
Total 10 21 16 47 56.0 31 24 3 58 46.4
Rate % 76.9 50.0 55.2 56.0 129.2 36.9 8.3 46.4
GERMANY
  2019 2018
<30 30-50 >50 Total Rate % <30 30-50 >50 Total Rate %
NEW HIRES
Women 1 1 1 3 33.3 1 0 1 2 22.2
Men 0 0 1 1 12.5 1 2 1 4 44.4
Total 1 1 2 4 23.5 2 2 2 6 33.3
Rate % 33.3 11.1 40.0 23.5 50.0 22.2 40.0 33.3
RESIGNATIONS
Women 1 2 0 3 33.3 2 2 1 5 55.6
Men 1 0 1 2 25.0 0 1 1 2 33.3
Total 2 2 1 5 29.4 2 3 2 7 38.9
Rate % 66.7 22.2 20.0 29.4 50.0 33.3 40.0 38.9