Our  Consolidated Non-Financial  Appendices to the  Consolidated Financial 
We, Generali performance Risk Report Outlook Statement Management Report Statements 191  
ASSET MANAGEMENT  HOLDING AND OTHER BUSINESSES CONSOLIDATION ADJUSTMENTS TOTAL
31/12/2018 31/12/2017 31/12/2018 31/12/2017 31/12/2018 31/12/2017 31/12/2018 31/12/2017
0 -0 1 0 0 0 63,405 61,137
0 -0 0 0 0 0 65,192 62,876
0 0 1 0 0 0 -1,786 -1,739
635 571 862 850 -536 -510 1,028 1,002
-0 0 5 14 0 0 -6,008 4,826
55 48 24 15 -345 -221 166 134
9 5 628 440 -110 -90 12,712 13,155
89 84 390 305 -420 -299 3,397 3,164
788 708 1,910 1,624 -1,410 -1,120 74,699 83,418
0 0 0 0 0 0 -52,032 -60,853
0 0 0 0 0 0 -53,239 -62,472
0 0 0 0 0 0 1,207 1,619
-166 -167 -421 -413 37 46 -576 -565
0 0 -3 -7 0 0 -16 -17
-3 -2 -868 -857 42 33 -3,467 -2,667
-212 -195 -371 -341 277 280 -10,682 -10,473
-74 -98 -890 -819 584 450 -4,477 -5,332
-455 -462 -2,553 -2,436 940 810 -71,250 -79,908
333 247 -642 -812 -470 -310 3,450 3,511